9788184044928 # Ruby & Rails
9788184046571
9780596516178
9780974514055
9781934356081
9788184043341
9788184046274
9788131754955
9788184041804
9788126518906
9788126516230
9788184041996
9788184043624
9788184047509
9788184041828
9780763750909
9781111222376
9780321638366
9781934356197
9780321714633
9788184041842
9788184044577
9788181287120
9780321553850
9781593271480
9788184046243
9781934356166
9781934356166
9781593271824
9781590599112
9788184046090
9788184046458
9788184046137
9788126516766
9788184042610
9788126516230
9788126518906
9788184046335
9788184046335
9788184044409
9788184046137
9788184046458
9788184046250
9788184041996
9788184046267
9788184045956
9788184042962
9788184045314
9788184046373
9788126521128
9788184044577
9788184046328
